From @rn@ud@g@boury @end|ng |rom gm@||@com  Mon Apr  7 05:45:16 2025
From: @rn@ud@g@boury @end|ng |rom gm@||@com (Arnaud Gaboury)
Date: Mon, 07 Apr 2025 05:45:16 +0200
Subject: [R-SIG-Finance] join two tibbles: need transpose and which
 variables for which values
Message-ID: <2a8fe55d3aa2ae29cf04e49e04f4510d64c16bf4.camel@gmail.com>

I work on writing a portfolio journal with a daily valuation of my
portfolio + the trades I have done on the day.
My "time" column is made of dates (day + time) which are either the
closing prices of my assets (each day @ 19:59:59 for convenience. I
work on crypto currencies and markets are open 24/24 7/7, so thete is
no real official closing time). 
To build this journal, I can rely on two tibbles:
- one is the data frame of daily closing prices of the assets I own in
my portfolio. Here it is:
daily_clsong_price <- structure(list(time = structure(c(1734371999.999,
1734458399.999, 
1734544799.999, 1734631199.999, 1734717599.999, 1734803999.999, 
1734890399.999, 1734976799.999, 1735063199.999, 1735149599.999, 
1735235999.999, 1735322399.999, 1735408799.999, 1735495199.999, 
1735581599.999, 1735667999.999, 1735754399.999, 1735840799.999, 
1735927199.999, 1736013599.999, 1736099999.999, 1736186399.999, 
1736272799.999, 1736359199.999, 1736445599.999, 1736531999.999, 
1736618399.999, 1736704799.999, 1736791199.999, 1736877599.999, 
1736963999.999, 1737050399.999, 1737136799.999, 1737223199.999, 
1737309599.999, 1737395999.999, 1737482399.999, 1737568799.999, 
1737655199.999, 1737741599.999, 1737827999.999, 1737914399.999, 
1738000799.999, 1738087199.999, 1738173599.999, 1738259999.999, 
1738346399.999, 1738432799.999, 1738519199.999, 1738605599.999, 
1738691999.999, 1738778399.999, 1738864799.999, 1738951199.999, 
1739037599.999, 1739123999.999, 1739210399.999, 1739296799.999, 
1739383199.999, 1739469599.999, 1739555999.999, 1739642399.999, 
1739728799.999, 1739815199.999, 1739901599.999, 1739987999.999, 
1740074399.999, 1740160799.999, 1740247199.999, 1740333599.999, 
1740419999.999, 1740506399.999, 1740592799.999, 1740679199.999, 
1740765599.999, 1740851999.999, 1740938399.999, 1741024799.999, 
1741111199.999, 1741197599.999, 1741283999.999, 1741370399.999, 
1741456799.999, 1741543199.999, 1741629599.999, 1741715999.999, 
1741802399.999, 1741888799.999, 1741975199.999, 1742061599.999, 
1742147999.999, 1742234399.999, 1742320799.999, 1742407199.999, 
1742493599.999, 1742579999.999, 1742666399.999, 1742752799.999, 
1742839199.999, 1742925599.999, 1743011999.999, 1743098399.999, 
1743184799.999, 1743271199.999), tzone = "", class = c("POSIXct", 
"POSIXt")), BTCUSDC_close = c(107112.36, 107517.25, 104630.49, 
98692.01, 97172, 97559.99, 95555.99, 93260, 98743.99, 98475.99, 
95740.01, 94156.03, 94860.02, 93788.55, 93672.01, 93972.01, 93942.68, 
96673.8, 97966.09, 98004.92, 97722.38, 101865.33, 97236.45, 94004.02, 
92686.72, 95786.01, 94113, 95097.6, 91933.25, 96481.8, 98651.62, 
99823.04, 104162, 103742.8, 104997.99, 102844.44, 106166, 104336, 
105945.99, 106516.81, 104880.02, 104927.47, 99111.87, 102587, 
102404, 105296.86, 104591.47, 102247.03, 97166.51, 99352, 99215.17, 
97570.44, 96738.02, 97462, 96363.99, 96190, 97523.98, 96164.78, 
97368.43, 95716.93, 98570.1, 97431.42, 96994, 95494.02, 94068, 
96394.6, 97991.02, 96982, 96635.96, 95664.1, 94650, 87156.01, 
85969.64, 84507.03, 83605.12, 85172, 94100.16, 90258.01, 85415.99, 
89683.45, 88625.27, 87676.78, 85929.38, 82358.02, 78414, 81291.59, 
81839.98, 80047.99, 84365.03, 84427.7, 83916.04, 84189.04, 81453.98, 
84236, 84048.03, 83983.62, 84232.07, 85008, 88482.01, 87958.04, 
86578.83, 86890.11, 83945.98, 82308), SUIUSDC_close = c(4.7252, 
4.6923, 4.7017, 4.2422, 4.4909, 4.5497, 4.3416, 4.293, 4.6079, 
4.5242, 4.1963, 4.2141, 4.1772, 4.123, 4.1906, 4.2085, 4.1817, 
4.3391, 4.708, 5.1388, 5.2029, 5.224, 4.8313, 4.5976, 4.7354, 
5.1894, 4.941, 4.8115, 4.4785, 4.5784, 4.6566, 4.9161, 4.7858, 
4.8951, 4.948, 4.3919, 4.6632, 4.6118, 4.3972, 4.4267, 4.1615, 
4.1407, 3.7285, 3.7674, 3.7116, 4.1375, 4.1282, 3.935, 3.3428, 
3.5558, 3.7017, 3.3519, 3.1784, 3.1207, 3.0176, 3.0415, 3.2668, 
3.3746, 3.38, 3.4623, 3.7018, 3.4095, 3.298, 3.1857, 2.9762, 
3.1934, 3.4429, 3.3604, 3.4162, 3.3258, 3.0418, 2.8179, 2.8598, 
2.8307, 2.7903, 2.8014, 3.1772, 2.8541, 2.416, 2.5384, 2.816, 
2.6891, 2.5263, 2.271, 2.1051, 2.1651, 2.2203, 2.1238, 2.3503, 
2.362, 2.2691, 2.3323, 2.2459, 2.3785, 2.3867, 2.2767, 2.2898, 
2.2543, 2.4363, 2.4686, 2.5708, 2.7651, 2.5222, 2.2825), ENAUSDC_close
= c(1.1862, 
1.1412, 1.0928, 1.0256, 1.0704, 1.0716, 1.0395, 1.0255, 1.0493, 
1.0278, 0.9206, 0.9422, 0.9371, 0.9415, 0.9833, 0.9192, 0.9212, 
1.0404, 1.2138, 1.2446, 1.2394, 1.1984, 1.0946, 0.9606, 0.916, 
0.9408, 0.8888, 0.8978, 0.7794, 0.8277, 0.9005, 0.9133, 0.9355, 
0.8662, 0.9445, 0.9112, 0.9168, 0.8951, 0.846, 0.9025, 0.8719, 
0.8238, 0.7188, 0.7147, 0.6877, 0.7732, 0.7878, 0.7231, 0.5993, 
0.6344, 0.6393, 0.5535, 0.5022, 0.5092, 0.5175, 0.4806, 0.4975, 
0.4564, 0.429, 0.4394, 0.4945, 0.4529, 0.4493, 0.4496, 0.411, 
0.401, 0.4058, 0.4348, 0.4575, 0.454, 0.4036, 0.4067, 0.4129, 
0.4285, 0.4164, 0.3944, 0.447, 0.395, 0.359, 0.3626, 0.38, 0.4372, 
0.4457, 0.4142, 0.4034, 0.3826, 0.366, 0.3394, 0.3549, 0.3696, 
0.3657, 0.3802, 0.356, 0.3815, 0.3791, 0.3612, 0.3547, 0.364, 
0.4019, 0.4252, 0.4156, 0.4196, 0.3882, 0.3672), AAVEUSDC_close =
c(388, 
365.68, 373.15, 316.69, 319.8, 306.06, 308.15, 352.45, 376.21, 
369.33, 334.15, 327.66, 334.95, 331.35, 331.56, 312.13, 313.71, 
332.95, 348.72, 353, 340.82, 342.41, 312.68, 284.99, 283.29, 
289.79, 285.09, 292.89, 267.83, 291.29, 311.21, 317.28, 324.28, 
309, 346.95, 332, 366.22, 353.36, 336.3, 352.42, 330.79, 332.13, 
296.62, 293.04, 290.18, 317.82, 338.3, 314.94, 265.25, 256.79, 
267.67, 263.11, 245.37, 244.15, 238.36, 243.35, 252.79, 247.54, 
248.14, 250.2, 268, 252.71, 255.93, 263.12, 243.33, 252.98, 259.4, 
247.46, 250.4, 247.17, 229.86, 198.12, 198.67, 204.25, 188.26, 
190.2, 221.87, 198.69, 206.74, 215.48, 212.08, 203.07, 192.45, 
180.05, 180.94, 174.26, 168.79, 164.29, 174.22, 174.76, 168.53, 
173.55, 165.31, 178.45, 174.11, 178.43, 180.33, 182.09, 192.97, 
187.89, 178.53, 182.08, 170.56, 169.11), ETHUSDC_close = c(4034.74, 
3975.39, 3879.06, 3474.91, 3436.86, 3380.71, 3313.11, 3332.66, 
3499.69, 3467.64, 3325.02, 3345.58, 3388.82, 3355.39, 3385.8, 
3358.42, 3336.65, 3447.37, 3573.18, 3633.24, 3627.35, 3674.61, 
3441.2, 3262.6, 3250.57, 3314.51, 3269.8, 3286.72, 3019.4, 3210.99, 
3326.21, 3343.59, 3415.67, 3255.79, 3438.6, 3289.19, 3350.5, 
3285.05, 3265.79, 3399.59, 3344.04, 3337.1, 3071.81, 3167.03, 
3111.09, 3272.72, 3376.27, 3261.2, 2970.48, 2711.8, 2816.61, 
2741.62, 2700.49, 2680.88, 2629.49, 2642.7, 2679.99, 2640.79, 
2673.27, 2631.72, 2775.09, 2686.11, 2688.91, 2733.38, 2618.98, 
2710.88, 2735.95, 2673.5, 2785.11, 2814.66, 2664.58, 2418.3, 
2364.72, 2319.9, 2209.36, 2196.1, 2481.43, 2276.12, 2118.01, 
2194, 2191, 2161.81, 2198.3, 2024.1, 1916.8, 1904.59, 1867.86, 
1826.58, 1935.1, 1940.6, 1910.21, 1930.4, 1876.44, 2027.93, 1970, 
1967.94, 1992.31, 1992.71, 2088.6, 2076.9, 2006.72, 1999.82, 
1882.6, 1817.51), FTMUSDC_close = c(1.381, 1.3596, 1.2222, 1.0445, 
0.9705, 1.0203, 0.9958, 0.9727, 0.9813, 0.9725, 0.8807, 0.8757, 
0.8086, 0.7783, 0.7531, 0.6871, 0.7899, 0.8195, 0.8206, 0.8372, 
0.819, 0.7973, 0.7142, 0.637, 0.6573, 0.6902, 0.7047, 0.7072, 
NA, NA, NA, NA, NA, NA, NA, NA, NA, NA, NA, NA, NA, NA, NA, NA, 
NA, NA, NA, NA, NA, NA, NA, NA, NA, NA, NA, NA, NA, NA, NA, NA, 
NA, NA, NA, NA, NA, NA, NA, NA, NA, NA, NA, NA, NA, NA, NA, NA, 
NA, NA, NA, NA, NA, NA, NA, NA, NA, NA, NA, NA, NA, NA, NA, NA, 
NA, NA, NA, NA, NA, NA, NA, NA, NA, NA, NA, NA),